SZAU01 AMMC 111803
CREX++
T000103 A001 D01021 D06025++
-1058650 14222190 58170 2021 01 11 17 56 3033 11 07 00 01
01565 0112 01565 0113 01563 0111 01561 0109 01565 0115 01558 0108+
-1927740 14705860 59260 2021 01 11 17 56 //// 11 07 00 01
00921 0197 00929 0196 00937 0193 00946 0193 00954 0191 00963 0190+
-2316100 15079010 59670 2021 01 11 17 56 //// 11 07 00 01
01506 0184 01517 0183 01527 0181 01541 0181 01550 0177 01569 0184+
-2793870 15343260 60053 2021 01 11 17 56 //// 11 07 00 01
00928 0023 00969 0056 01039 0120 01039 0113 00935 0001 00944 0004+
-3447340 15091180 60420 2021 01 11 17 56 2958 11 07 00 01
01012 -0053 01011 -0060 01018 -0059 01024 -0058 01029 -0059 01034 -0060+
-3710030 14992660 60531 2021 01 11 17 56 //// 11 07 00 01
01228 -0002 01298 0063 01305 0064 01291 0045 01190 -0061 01295 0038+
-4105000 14591490 60910 2021 01 11 17 56 2931 11 07 00 01
01188 0175 01199 0186 01184 0172 01171 0159 01161 0149 01148 0137+
-4254640 14793080 61170 2021 01 11 17 56 2920 11 07 00 01
01498 0137 01503 0139 01504 0137 01511 0141 01521 0148 01515 0139+
-4289230 14733800 61221 2021 01 11 17 56 //// 11 07 00 01
01450 0132 01455 0134 01469 0146 01484 0158 01479 0151 01483 0152+
-4343330 14697480 61240 2021 01 11 17 56 //// 11 07 00 01
01168 0125 01176 0132 01206 0160 01240 0193 01260 0212 01265 0216+
-3834390 14161360 61410 2021 01 11 17 56 2913 11 07 00 01
00922 0149 00924 0153 00894 0125 00892 0125 00886 0120 00891 0128+
-3214900 13364160 62000 2021 01 11 17 56 2951 11 07 00 01
01391 0185 01386 0186 01380 0186 01374 0187 01370 0189 01366 0192+
-3387070 12189710 62080 2021 01 11 17 56 2922 11 07 00 01
01130 0331 01144 0348 01153 0360 01129 0340 01138 0352 01113 0330+
-3182560 11573860 62237 2021 01 11 17 56 2974 11 07 00 01
00728 0230 00727 0231 00718 0224 00716 0224 00712 0222 00708 0220+
-2876310 11456470 62290 2021 01 11 17 56 //// 11 07 00 01
00605 0230 00529 0157 00793 0423 00715 0347 00729 0363 00646 0282+
-2422010 11339750 62385 2021 01 11 17 56 //// 11 07 00 01
///// //// ///// //// ///// //// ///// //// ///// //// ///// ////+
-2181670 11419100 62430 2021 01 11 17 56 //// 11 07 00 01
01201 0119 01245 0168 01239 0167 01274 0206 01186 0123 01222 0164+
-2004000 11842000 62585 2021 01 11 17 56 //// 11 07 00 01
///// //// ///// //// ///// //// ///// //// ///// //// ///// ////+
-1800150 12221760 62650 2021 01 11 17 56 3051 11 07 00 01
03964 0188 03943 0186 03924 0187 03904 0185 03884 0186 03864 0184+
-1247190 13084580 63230 2021 01 11 17 56 3045 11 07 00 01
05883 0093 05892 0094 05899 0094 05907 0093 05915 0094 05922 0094+
-1386000 13641580 63511 2021 01 11 17 56 //// 11 07 00 01
01642 0129 01638 0129 01634 0128 01629 0127 01625 0125 01622 0126++
7777


