SZAU01 AMMC 111800
CREX++
T000103 A001 D01021 D06025++
-1058650 14222190 58170 2021 01 11 17 53 3033 11 07 00 01
01565 0111 01571 0117 01564 0111 01565 0112 01565 0113 01563 0111+
-1927740 14705860 59260 2021 01 11 17 53 //// 11 07 00 01
00895 0199 00902 0196 00911 0196 00921 0197 00929 0196 00937 0193+
-2316100 15079010 59670 2021 01 11 17 53 //// 11 07 00 01
01476 0192 01487 0191 01500 0192 01506 0184 01517 0183 01527 0181+
-2793870 15343260 60053 2021 01 11 17 53 //// 11 07 00 01
00969 0085 00907 0015 01045 0146 00928 0023 00969 0056 01039 0120+
-3447340 15091180 60420 2021 01 11 17 53 2958 11 07 00 01
01013 -0035 01015 -0038 01014 -0045 01012 -0053 01011 -0060 01018 -0059+
-3710030 14992660 60531 2021 01 11 17 53 //// 11 07 00 01
01273 0059 01280 0061 01257 0032 01228 -0002 01298 0063 01305 0064+
-4105000 14591490 60910 2021 01 11 17 53 2931 11 07 00 01
01220 0204 01201 0186 01195 0181 01188 0175 01199 0186 01184 0172+
-4254640 14793080 61170 2021 01 11 17 53 2920 11 07 00 01
01490 0138 01505 0150 01505 0147 01498 0137 01503 0139 01504 0137+
-4289230 14733800 61221 2021 01 11 17 53 //// 11 07 00 01
01444 0134 01453 0141 01452 0137 01450 0132 01455 0134 01469 0146+
-4343330 14697480 61240 2021 01 11 17 53 //// 11 07 00 01
01115 0075 01134 0093 01153 0111 01168 0125 01176 0132 01206 0160+
-3834390 14161360 61410 2021 01 11 17 53 2913 11 07 00 01
00896 0117 00918 0141 00945 0170 00922 0149 00924 0153 00894 0125+
-3214900 13364160 62000 2021 01 11 17 53 2951 11 07 00 01
01412 0186 01403 0183 01397 0184 01391 0185 01386 0186 01380 0186+
-3387070 12189710 62080 2021 01 11 17 53 2922 11 07 00 01
01172 0363 01162 0356 01171 0369 01130 0331 01144 0348 01153 0360+
-3182560 11573860 62237 2021 01 11 17 53 2974 11 07 00 01
00731 0226 00729 0227 00730 0230 00728 0230 00727 0231 00718 0224+
-2876310 11456470 62290 2021 01 11 17 53 //// 11 07 00 01
00651 0270 00656 0277 00627 0250 00605 0230 00529 0157 00793 0423+
-2422010 11339750 62385 2021 01 11 17 53 //// 11 07 00 01
///// //// ///// //// ///// //// ///// //// ///// //// ///// ////+
-2181670 11419100 62430 2021 01 11 17 53 //// 11 07 00 01
01245 0148 01236 0144 01248 0161 01201 0119 01245 0168 01239 0167+
-2004000 11842000 62585 2021 01 11 17 53 //// 11 07 00 01
///// //// ///// //// ///// //// ///// //// ///// //// ///// ////+
-1800150 12221760 62650 2021 01 11 17 53 3051 11 07 00 01
04026 0190 04007 0191 03987 0191 03964 0188 03943 0186 03924 0187+
-1247190 13084580 63230 2021 01 11 17 53 3045 11 07 00 01
05857 0093 05865 0091 05874 0094 05883 0093 05892 0094 05899 0094+
-1386000 13641580 63511 2021 01 11 17 53 //// 11 07 00 01
01649 0127 01647 0128 01645 0129 01642 0129 01638 0129 01634 0128++
7777


