SZAU01 AMMC 111806
CREX++
T000103 A001 D01021 D06025++
-1058650 14222190 58170 2021 01 11 17 59 3033 11 07 00 01
01561 0109 01565 0115 01558 0108 01564 0114 01560 0111 01552 0103+
-1927740 14705860 59260 2021 01 11 17 59 //// 11 07 00 01
00946 0193 00954 0191 00963 0190 00972 0190 00982 0190 00993 0191+
-2316100 15079010 59670 2021 01 11 17 59 //// 11 07 00 01
01541 0181 01550 0177 01569 0184 01582 0183 01597 0185 01609 0183+
-2793870 15343260 60053 2021 01 11 17 59 //// 11 07 00 01
01039 0113 00935 0001 00944 0004 00994 0046 00979 0025 00959 -0002+
-3447340 15091180 60420 2021 01 11 17 59 2958 11 07 00 01
01024 -0058 01029 -0059 01034 -0060 01029 -0071 01030 -0075 01029 -0082+
-3710030 14992660 60531 2021 01 11 17 59 //// 11 07 00 01
01291 0045 01190 -0061 01295 0038 01294 0032 01286 0019 01275 0003+
-4105000 14591490 60910 2021 01 11 17 59 2931 11 07 00 01
01171 0159 01161 0149 01148 0137 01135 0124 01106 0095 01083 0072+
-4254640 14793080 61170 2021 01 11 17 59 2920 11 07 00 01
01511 0141 01521 0148 01515 0139 01518 0139 01520 0138 01528 0143+
-4289230 14733800 61221 2021 01 11 17 59 //// 11 07 00 01
01484 0158 01479 0151 01483 0152 01468 0135 01462 0126 01461 0122+
-4343330 14697480 61240 2021 01 11 17 59 //// 11 07 00 01
01240 0193 01260 0212 01265 0216 01260 0210 01234 0183 01199 0146+
-3834390 14161360 61410 2021 01 11 17 59 2913 11 07 00 01
00892 0125 00886 0120 00891 0128 00904 0142 00906 0146 00914 0156+
-3214900 13364160 62000 2021 01 11 17 59 2951 11 07 00 01
01374 0187 01370 0189 01366 0192 01362 0194 01356 0194 01349 0194+
-3387070 12189710 62080 2021 01 11 17 59 2922 11 07 00 01
01129 0340 01138 0352 01113 0330 01117 0337 01129 0352 01113 0340+
-3182560 11573860 62237 2021 01 11 17 59 2974 11 07 00 01
00716 0224 00712 0222 00708 0220 00697 0211 00700 0216 00696 0215+
-2876310 11456470 62290 2021 01 11 17 59 //// 11 07 00 01
00715 0347 00729 0363 00646 0282 00613 0252 00727 0368 00628 0271+
-2422010 11339750 62385 2021 01 11 17 59 //// 11 07 00 01
///// //// ///// //// ///// //// ///// //// ///// //// ///// ////+
-2181670 11419100 62430 2021 01 11 17 59 //// 11 07 00 01
01274 0206 01186 0123 01222 0164 01208 0154 01239 0190 01176 0131+
-2004000 11842000 62585 2021 01 11 17 59 //// 11 07 00 01
///// //// ///// //// ///// //// ///// //// ///// //// ///// ////+
-1800150 12221760 62650 2021 01 11 17 59 3051 11 07 00 01
03904 0185 03884 0186 03864 0184 03844 0183 03825 0184 03805 0183+
-1247190 13084580 63230 2021 01 11 17 59 3045 11 07 00 01
05907 0093 05915 0094 05922 0094 05929 0093 05936 0092 05942 0093+
-1386000 13641580 63511 2021 01 11 17 59 //// 11 07 00 01
01629 0127 01625 0125 01622 0126 01619 0127 01616 0127 01614 0128++
7777


