SZAU01 AMMC 111809
CREX++
T000103 A001 D01021 D06025++
-1058650 14222190 58170 2021 01 11 18 02 3033 11 07 00 01
01564 0114 01560 0111 01552 0103 01554 0106 01553 0105 01550 0103+
-1927740 14705860 59260 2021 01 11 18 02 //// 11 07 00 01
00972 0190 00982 0190 00993 0191 01003 0191 01013 0192 01022 0189+
-2316100 15079010 59670 2021 01 11 18 02 //// 11 07 00 01
01582 0183 01597 0185 01609 0183 01628 0190 01645 0193 01652 0186+
-2793870 15343260 60053 2021 01 11 18 02 //// 11 07 00 01
00994 0046 00979 0025 00959 -0002 01020 0051 01042 0067 01043 0061+
-3447340 15091180 60420 2021 01 11 18 02 2958 11 07 00 01
01029 -0071 01030 -0075 01029 -0082 01036 -0081 01041 -0082 01050 -0079+
-3710030 14992660 60531 2021 01 11 18 02 //// 11 07 00 01
01294 0032 01286 0019 01275 0003 01288 0010 01279 -0004 01309 0021+
-4105000 14591490 60910 2021 01 11 18 02 2931 11 07 00 01
01135 0124 01106 0095 01083 0072 01087 0076 01114 0103 01144 0132+
-4254640 14793080 61170 2021 01 11 18 02 2920 11 07 00 01
01518 0139 01520 0138 01528 0143 01524 0136 01525 0134 01517 0123+
-4289230 14733800 61221 2021 01 11 18 02 //// 11 07 00 01
01468 0135 01462 0126 01461 0122 01460 0119 01472 0128 01479 0133+
-4343330 14697480 61240 2021 01 11 18 02 //// 11 07 00 01
01260 0210 01234 0183 01199 0146 01177 0123 01159 0104 01155 0099+
-3834390 14161360 61410 2021 01 11 18 02 2913 11 07 00 01
00904 0142 00906 0146 00914 0156 00904 0148 00887 0133 00841 0089+
-3214900 13364160 62000 2021 01 11 18 02 2951 11 07 00 01
01362 0194 01356 0194 01349 0194 01346 0197 01342 0200 01335 0199+
-3387070 12189710 62080 2021 01 11 18 02 2922 11 07 00 01
01117 0337 01129 0352 01113 0340 01104 0334 01104 0337 01098 0334+
-3182560 11573860 62237 2021 01 11 18 02 2974 11 07 00 01
00697 0211 00700 0216 00696 0215 00691 0211 00697 0220 00697 0222+
-2876310 11456470 62290 2021 01 11 18 02 //// 11 07 00 01
00613 0252 00727 0368 00628 0271 00661 0306 00602 0250 00561 0211+
-2422010 11339750 62385 2021 01 11 18 02 //// 11 07 00 01
///// //// ///// //// ///// //// ///// //// ///// //// ///// ////+
-2181670 11419100 62430 2021 01 11 18 02 //// 11 07 00 01
01208 0154 01239 0190 01176 0131 01229 0189 01237 0202 01204 0173+
-2004000 11842000 62585 2021 01 11 18 02 //// 11 07 00 01
///// //// ///// //// ///// //// ///// //// ///// //// ///// ////+
-1800150 12221760 62650 2021 01 11 18 02 3051 11 07 00 01
03844 0183 03825 0184 03805 0183 03786 0185 03768 0184 03750 0185+
-1247190 13084580 63230 2021 01 11 18 02 3045 11 07 00 01
05929 0093 05936 0092 05942 0093 05950 0092 05957 0092 05964 0091+
-1386000 13641580 63511 2021 01 11 18 02 //// 11 07 00 01
01619 0127 01616 0127 01614 0128 01612 0129 01608 0129 01606 0130++
7777


